MEMORY
  total            13.2 MB
  struct          159.1 KB
  buffer            9.1 KB
  arena            13.0 MB, used 0.0%

SIZES
  narena                13631488
  nbuffer               9360
  nplugin               0
  maxuse_stack          696
  maxuse_arena          696
  maxuse_con            0
  maxuse_efc            0
  ncon                  0
  ne                    0
  nf                    0
  nl                    0
  nefc                  0
  nJ                    0
  nA                    0
  nisland               0
  nidof                 0
  threadpool            0

TIMER
    0:  duration =  0.0016     number = 1
    1:  duration =  0.0015     number = 1
    2:  duration =  0          number = 0
    3:  duration =  0.00099    number = 1
    4:  duration =  0.00023    number = 1
    5:  duration =  7.9e-05    number = 1
    6:  duration =  2.1e-05    number = 1
    7:  duration =  4.7e-05    number = 1
    8:  duration =  0.00038    number = 1
    9:  duration =  0.00016    number = 1
    10:  duration =  0.00013    number = 1
    11:  duration =  0.00014    number = 1
    12:  duration =  2e-05      number = 1
    13:  duration =  3e-05      number = 1
    14:  duration =  1.8e-05    number = 1

ENERGY =   0         0       

TIME =  8.9e+02 

QPOS
  -0.04    
  -0.055   
   0.0026  
   0.0019  
  -0.00077 
   0.00054 

QVEL
  -0.46    
   0.29    
  -1.5     
  -0.051   
   0.44    
  -0.021   

QACC_WARMSTART
   6.8     
  -5.2     
   2.1     
   0.7     
   1.2     
   0.29    

CTRL
   0       
   0       
   0       
   0       
   0       
   0       

QFRC_APPLIED
   0       
   0       
   0       
   0       
   0       
   0       

XFRC_APPLIED
   0         0         0         0         0         0       
   0         0         0         0         0         0       
   0         0         0         0         0         0       
   0         0         0         0         0         0       
   0         0         0         0         0         0       
   0         0         0         0         0         0       
   0         0         0         0         0         0       

QACC
   6.8     
  -5.2     
   2.1     
   0.7     
   1.2     
   0.29    

XPOS
   0         0         0       
   0         0         0.67    
   0         0         0.67    
   0.42     -0.17      0.63    
   0.42     -0.17      0.63    
   0.4      -0.17      0.2     
   0.4      -0.17      0.14    

XQUAT
   1         0         0         0       
   0.71      0.71     -0.014    -0.014   
   0.71      0.71      0.0058   -0.033   
   0.48      0.5       0.5      -0.52    
  -0.00046   1        -0.02     -0.025   
  -0.71      0.71     -0.031    -0.0025  
  -0.00043   1        -0.021    -0.024   

XMAT
   1         0         0         0         1         0         0         0         1       
   1         0        -0.039    -0.039     0        -1         0         1         0       
   1         0.055    -0.039    -0.039    -0.0021   -1        -0.055     1         3.2e-17 
  -0.05      1        -0.039     0.0019   -0.039    -1        -1        -0.05     -1.7e-16 
   1        -0.041    -0.05     -0.041    -1         0.0019   -0.05      0.0001   -1       
   1        -0.048     0.041    -0.041     0.0019    1        -0.048    -1        -0.0001  
   1        -0.041    -0.048    -0.041    -1         0.0019   -0.048     0.00013  -1       

XIPOS
   0         0         0       
   0         0         0.67    
   0         0         0.67    
   0.42     -0.17      0.63    
   0.42     -0.17      0.63    
   0.4      -0.17      0.2     
   0.4      -0.17      0.14    

XIMAT
   1         0         0         0         1         0         0         0         1       
   1         0        -0.039    -0.039     0        -1         0         1         0       
   1         0.055    -0.039    -0.039    -0.0021   -1        -0.055     1         3.2e-17 
  -0.05      1        -0.039     0.0019   -0.039    -1        -1        -0.05     -1.7e-16 
   1        -0.041    -0.05     -0.041    -1         0.0019   -0.05      0.0001   -1       
   1        -0.048     0.041    -0.041     0.0019    1        -0.048    -1        -0.0001  
   1        -0.041    -0.048    -0.041    -1         0.0019   -0.048     0.00013  -1       

XANCHOR
   0         0         0.67    
   0         0         0.67    
   0.42     -0.17      0.63    
   0.42     -0.17      0.63    
   0.4      -0.17      0.2     
   0.4      -0.17      0.14    

XAXIS
   0         2.2e-16   1       
  -0.039    -1         2.2e-16 
  -0.039    -1         4.4e-16 
  -0.05      0.0019   -1       
   0.041     1        -0.0001  
  -0.048     0.0019   -1       

SUBTREE_COM
   0.071    -0.028     0.64    
   0.071    -0.028     0.64    
   0.2      -0.079     0.58    
   0.42     -0.17      0.48    
   0.41     -0.17      0.36    
   0.4      -0.17      0.18    
   0.4      -0.17      0.14    

CDOF
   0         2.2e-16   1         0.028     0.071    -1.6e-17 
  -0.039    -1         2.2e-16   0.033    -0.0013    0.072   
  -0.039    -1         4.4e-16  -0.011     0.00043  -0.36    
  -0.05      0.0019   -1         0.14      0.35     -0.0062  
   0.041     1        -0.0001    0.44     -0.018     0.34    
  -0.048     0.0019   -1         0.14      0.35     -0.006   

CINERT
   0         0         0         0         0         0         0         0         0         0       
   0.38      0.2       0.45      0.024     0.04     -0.016    -1.2       0.48      0.56      17      
   0.11      0.081     0.13      0.008     0.012    -0.0047   -0.35      0.14      0.17      5       
   0.089     0.3       0.34      0.098     0.0079   -0.0031    0.71     -0.28     -0.022     2       
   0.039     0.14      0.16      0.049     0.0039   -0.0015    0.35     -0.14     -0.011     1       
   0.24      0.33      0.15      0.046     0.15     -0.061     0.33     -0.14     -0.44      1       
   0.14      0.19      0.074     0.023     0.082    -0.034     0.16     -0.069    -0.25      0.5     

ACTUATOR_LENGTH
  -0.039   
  -0.055   
   0.0056  
   0.002   
  -0.0016  
   0.00059 

actuator_moment
--------
 x      |
  x     |
   x    |
    x   |
     x  |
      x |
--------

ACTUATOR_MOMENT
     0:  1       
     1:  1       
     2:  1       
     3:  1       
     4:  1       
     5:  1       

CRB
   0         0         0         0         0         0         0         0         0         0       
   1         1.2       1.3       0.25      0.29     -0.12      0        -1.1e-16  -1.7e-15   26      
   0.62      1         0.85      0.22      0.25     -0.1       1.2      -0.48     -0.56      9.5     
   0.51      0.96      0.72      0.21      0.24     -0.1       1.6      -0.62     -0.73      4.5     
   0.42      0.66      0.39      0.12      0.23     -0.097     0.85     -0.34     -0.7       2.5     
   0.38      0.52      0.22      0.068     0.23     -0.095     0.5      -0.21     -0.69      1.5     
   0.14      0.19      0.074     0.023     0.082    -0.034     0.16     -0.069    -0.25      0.5     

QM
   1.5     
   0.13      1.3     
   0.1       0.42      0.41    
  -0.05     -4.8e-08  -4.6e-08   0.05    
  -0.0042   -0.044    -0.044     9.2e-18   0.032   
  -0.01      3.4e-08   3.4e-08   0.01      3.8e-18   0.01    

M
     0:  1.5     
     0:  0.13       1:  1.3     
     0:  0.1        1:  0.42       2:  0.41    
     0: -0.05       1: -4.8e-08    2: -4.6e-08    3:  0.05    
     0: -0.0042     1: -0.044      2: -0.044      3:  9.2e-18    4:  0.032   
     0: -0.01       1:  3.4e-08    2:  3.4e-08    3:  0.01       4:  3.8e-18    5:  0.01    

QLD
     0:  1.4     
     0:  0.029      1:  0.89    
     0:  0.28       1:  1          2:  0.35    
     0: -1          1: -2e-06      2: -2e-06      3:  0.04    
     0: -0.13       1: -1.4        2: -1.4        3:  1.7e-16    4:  0.032   
     0: -1          1:  3.4e-06    2:  3.4e-06    3:  1          4:  3.8e-16    5:  0.01    

QLDIAGINV
   0.73    
   1.1     
   2.9     
   25      
   32      
   1e+02   

CONTACT
ACTUATOR_VELOCITY
  -0.48    
   0.3     
  -1.5     
  -0.052   
   0.43    
  -0.022   

CVEL
   0         0         0         0         0         0       
   0        -1.1e-16  -0.48     -0.013    -0.034     7.5e-18 
  -0.012    -0.3      -0.48     -0.0035   -0.034     0.022   
   0.048     1.2      -0.48      0.014    -0.035     0.57    
   0.051     1.2      -0.42      0.0064   -0.053     0.57    
   0.069     1.7      -0.42      0.2      -0.061     0.72    
   0.07      1.7      -0.4       0.2      -0.069     0.72    

CDOF_DOT
   0         0         0         0         0         0       
  -0.47      0.018    -4.1e-18  -0.00061  -0.016     0.012   
  -0.47      0.018    -1.4e-17   0.13      0.00026  -0.0012  
  -1.2       0.072     0.062     0.19     -0.08     -0.16    
   0.42     -0.017     8.3e-05  -0.16     -0.18     -0.54    
  -1.7       0.089     0.081     0.2       0.11     -0.21    

QFRC_BIAS
   0.29    
   19      
  -0.42    
  -0.0018  
   0.017   
  -0.00037 

QFRC_SPRING
   0       
   0       
   0       
   0       
   0       
   0       

QFRC_DAMPER
   0       
   0       
   0       
   0       
   0       
   0       

QFRC_GRAVCOMP
   0       
   0       
   0       
   0       
   0       
   0       

QFRC_FLUID
   0       
   0       
   0       
   0       
   0       
   0       

QFRC_PASSIVE
   0       
   0       
   0       
   0       
   0       
   0       

SUBTREE_LINVEL
   0         0         0       
   0         0         0       
   0         0         0       
   0         0         0       
   0         0         0       
   0         0         0       
   0         0         0       

SUBTREE_ANGMOM
   0         0         0       
   0         0         0       
   0         0         0       
   0         0         0       
   0         0         0       
   0         0         0       
   0         0         0       

ACTUATOR_FORCE
   9.7     
   14      
  -1.1     
  -0.31    
   0.16    
  -0.059   

QFRC_ACTUATOR
   9.7     
   14      
  -1.1     
  -0.31    
   0.16    
  -0.059   

QFRC_SMOOTH
   9.4     
  -5.2     
  -0.71    
  -0.3     
   0.15    
  -0.058   

QACC_SMOOTH
   6.8     
  -5.2     
   2.1     
   0.7     
   1.2     
   0.29    

QFRC_CONSTRAINT
   0       
   0       
   0       
   0       
   0       
   0       

QFRC_INVERSE
   0       
   0       
   0       
   0       
   0       
   0       

CACC
   0         0         0         0         0         0       
   0         0         0         0         0         0       
   0         0         0         0         0         0       
   0         0         0         0         0         0       
   0         0         0         0         0         0       
   0         0         0         0         0         0       
   0         0         0         0         0         0       

CFRC_INT
   0         0         0         0         0         0       
   0         0         0         0         0         0       
   0         0         0         0         0         0       
   0         0         0         0         0         0       
   0         0         0         0         0         0       
   0         0         0         0         0         0       
   0         0         0         0         0         0       

CFRC_EXT
   0         0         0         0         0         0       
   0         0         0         0         0         0       
   0         0         0         0         0         0       
   0         0         0         0         0         0       
   0         0         0         0         0         0       
   0         0         0         0         0         0       
   0         0         0         0         0         0       

